2.306510399640244735e-01
9.909801769104880087e-01
2.328048012524511767e-01
5.691929975340187520e-01
3.133639173036475434e-01
4.244254334853903021e-02
8.306039141648650093e-01
4.786506450237544286e-01
3.623109284967274135e-01
9.332994227693124367e-01
3.022324175879114172e-01
9.952523645590810597e-01
7.642618309280247990e-01
4.821807701678033631e-01
1.003136425264735676e-01
8.455324598251452439e-01
6.545771511208043902e-01
4.382517130535108496e-01
1.346724310166466099e-01
6.277236306673205091e-01
7.509014427048774643e-01
9.137963493658477487e-01
1.791202595311283119e-01
7.217630039255263918e-01
6.369141925357892919e-01
3.822079740382506863e-01
9.579209897935687668e-01
9.543451745379212259e-01
8.508857943220318187e-01
6.243230442705317573e-01
3.292246768965229053e-01
5.443510661549829655e-01
8.943372981394113186e-01
6.928143931249690635e-01
4.155099232701233714e-01
9.176592183216629728e-01
4.818498043526207031e-01
4.831108051892696320e-02
7.879070260523823865e-01
2.447482978332869985e-01
7.080045763811583237e-01
3.231154297168191691e-01
5.349008501619507694e-01
-8.900177050164991499e+01
-2.452787610030448207e+02
-1.164285549305302681e+02
9.479808214527898347e-01
5.932382915689170533e-01
5.774771742769398974e-01
1.949040849055182489e-01
1.087326802714223550e-01
3.645321139914426967e-01
9.802420194587887492e-01
2.056974826465393091e-01
3.376396510995574030e-01
1.345579184956419150e-01
1.288400624045020759e-01
7.743501413921602960e-01
2.374166612665652432e-01
9.774930083516234491e-01
8.029681248775492053e-01
2.238671082792864642e-01
3.853617418214494439e-01
3.924740903833724426e-01
3.660575849016388661e-01
7.454327103997265835e-01
3.445702368078314981e-01
7.567858588261624497e-01
1.500154888488774985e-01
9.448565511626166868e-01
9.748204139107189414e-01
2.257394282251505846e-01
-4.440213470483647029e+01
-1.309331255836947205e+00
4.966286598272309227e-01
6.212883934023181176e-01
7.688110816572664152e-01
4.982712808483074074e-01
1.923159912358003432e-01
1.509726745764469191e-01
5.985368387202004703e-01
4.847847053894427383e-01
6.395326574432880218e-02
3.635705610223518569e-01
5.743424826906038394e-01
3.312515761051694207e-01
3.617677790859045173e-01
6.443218706622525493e-01
5.150419476530556651e-01
7.240324651018555935e-01
7.111806998287770742e-01
4.789319764687811620e-01
8.481750387112868550e-01
4.720684847459932776e-01
7.928867758814414080e-01
3.307236698803810437e-01
1.864109329665990060e+02
2.392089065755644697e+02
2.660492967685068493e+02
1.504342809855629923e+02
1.144088253100616583e+02
2.838529658581062876e+01
4.146318235997714652e-01
4.550254754377375255e-01
6.352608428798302009e-01
8.638361317928164862e-01
9.917361822898300705e-01
7.616977886244297169e-01
3.735332285843377953e-01
9.183475583313732704e-01
5.979584291503171611e-01
4.535837547291774463e-01
2.456813121189054261e-01
2.400721333930010415e-01
6.549747714240382601e-01
4.140799667745626023e-01
3.540434034926681628e-01
6.101939484005421965e-01
6.258461078217202322e-01
7.871975344346827663e-01
1.889684285747292858e-01
-1.432365039486971092e+01
-4.223323990802197159e+01
-9.729323524733577244e+01
1.981663439465047531e+02
2.016632863272181169e+02
-1.306915296070126828e+02
-3.641826096709148715e+02
-1.788735291897603474e+02
1.502620094669834714e+02
5.680016894512745829e+00
-7.873216098102972182e+01
-1.117272126686317648e+02
4.327327521523576337e+01
4.321639946154312639e+01
2.082134267288558860e+01
6.510173556489224911e-01
2.909977632178346596e-01
6.462429273754694004e-01
7.157473267079828005e-01
8.292081100345644051e-01
1.263239192676725020e-01
1.552702744846562455e-01
5.935144199234108076e-01
9.565571764354412476e-01
9.280238746216360468e-01
8.656549144688138187e-01
8.660845403908632889e+00
2.434485728102754365e+01
-3.253809524529707176e+01
-1.196420541380116305e+02
-4.013709907803638544e+01
1.102638317718836163e+02
3.480334375880958220e+01
-1.647013790066622505e+02
-2.944845022486891253e+02
-4.511984751349399971e+02
1.132625586672624252e+02
1.994668693420428838e+02
1.120871392322120812e+02
-3.945130084240096124e+01
7.464594143202884879e+01
1.844862236230379722e+02
1.322152925843981564e+02
6.635233986897838276e-01
8.931762385490470413e-01
8.438584433058435863e-01
6.283582063351988989e-02
2.419808549746820248e-01
6.975768091991738640e-01
2.305602488010353168e-01
3.451674782392094576e-01
7.185093216362474777e-01
6.862876622473953470e-01
4.384517870269165485e+01
9.349126953382364036e+01
4.293642584162739695e+01
-4.051841830573204817e+01
-1.937234893882494475e+02
-9.412140356935502439e+01
4.941166771284229497e+01
1.168819751823896951e+02
-9.320262118088987791e+01
-1.133044112302058295e+02
-1.809693720397674213e+02
-1.642154464826074616e+02
1.562546436943316621e+02
1.926375983740573474e+02
-6.006477052162212260e+01
1.132967974551715287e+02
1.523412284625390214e+02
3.132649959165442510e+01
2.130450593238065737e-01
4.920897741849610263e-01
5.784147924283836728e-01
6.704081693990060486e-02
7.863627094510883264e-01
3.598383538545497640e-01
2.302721808751051480e-02
2.124891267700856901e-02
2.070535552078870412e-01
1.502879089673697344e+01
1.157664000865212586e+02
2.017499689524238704e+02
4.117103293631484462e+01
-2.259227314832321269e+02
-2.364149329172537648e+02
1.846697376756174691e+01
1.843916999414380200e+02
1.591067721612374442e+02
8.447423840896785663e+00
-7.489342928945708877e+01
-1.677514987205967429e+02
-2.904978063032119735e+02
2.482056512810825666e+02
2.195605600652903604e+02
1.264812524031859908e+02
1.334256402689891274e+02
-9.833402560141333026e+01
-3.630526268500683074e+01
5.268241212836463072e-01
3.248532298514483774e-02
7.672622903864794175e-01
3.360899575268833095e-01
9.317472810318760956e-02
3.289810962785710835e-01
5.784629689375829775e-01
1.447392267950700084e-01
2.018067097427941325e-01
4.283376676627066448e-01
1.278209785329649435e+02
2.388216839346731035e+02
5.890924457254781998e+01
-2.314734555997777932e+02
5.490128330267503998e+01
1.531498642514322057e+02
3.576722425565486105e+02
4.188544716469949662e+02
1.728997675162875112e+02
4.126994928715726729e+01
-1.082716620875442004e+02
-2.271148251832719893e+02
1.720456399617249872e+02
3.230412893802669032e+02
1.965277587629281015e+02
-2.074544360294173018e+01
-2.832501678832429093e+02
-9.009939247489425895e+01
3.517809774128977107e-02
9.631088797368482224e-01
3.101466107358548108e-01
7.756250858925728409e-05
2.551593390186345234e-01
9.874167160744665717e-01
9.286683831111175458e-01
1.575301773752378898e-01
5.886290297983232112e-01
5.580724341838928515e-01
6.582550220939791075e+01
1.482025550083577912e+02
1.315503530950542732e+00
6.636403570315525258e+01
2.574433126454127319e+02
1.002096851722222226e+02
4.187525528868253559e+02
2.800901549556766099e+02
2.329730685801820869e+02
-2.673473562975264173e+01
1.204849006268057678e+02
4.020868139865770985e+01
1.899219174143813760e+01
8.504604064286014875e+01
6.352744860242771097e+01
-3.077666748829014978e+02
-4.011046634956759362e+02
-2.421997012825588058e+02
-6.719749236919828661e+01
5.431456277641535380e-01
7.768067852098886616e-01
8.989491615119755696e-01
4.474488114926489235e-01
1.244908685340105903e-01
9.346211999410583005e-01
4.852638787383616314e-01
2.862282485009928212e-01
5.645627290442590818e-01
7.006277661067311158e+01
-3.033436337095532309e+01
4.221641562546412985e+01
2.246130569845245475e+02
2.652244831028439762e+02
2.002964716156115799e+02
2.169148282331022699e+02
1.431321313007526896e+02
1.700441670791405215e+02
2.080132668788681372e+02
2.334236338004721745e+02
5.267838715924272464e+01
-2.256702899536412943e+01
-5.202346436691652798e+01
-1.901253922373881267e+02
-3.673942875363516123e+02
-2.666944397626987211e+02
-2.332704479327707361e+02
-1.241370468681162151e+02
5.269626277651506285e+01
1.888061153148080651e-01
5.140060590187321976e-01
7.274146292719538831e-01
7.808093535062431423e-01
1.209366750039415628e-01
6.457165083093169278e-01
2.294694207525425078e-01
9.194935374582821064e-01
6.483443668106437485e+01
-2.398954349128719699e+01
7.550984032684733904e+01
2.132443635025496462e+02
2.357687952553783362e+02
1.207276127616442238e+02
-1.059810783450776661e+01
-2.527661990872642406e+01
1.131923435285313531e+02
2.864927962667261454e+02
3.801123881024002458e+02
3.746238878939505668e+01
-2.332526545780852700e+02
-2.478650926570804529e+02
-2.683902028785892639e+02
-3.594584733320845089e+02
-2.393433846864038230e+02
-2.068598703875165370e+02
-1.935538639182717588e+02
7.760332124553760025e+01
5.919997326135387761e-01
7.390866686858926782e-01
2.516848122850607883e-01
4.143566095116697490e-01
3.584701499028246641e-01
9.965119100647793493e-01
6.407372889555373874e-02
-7.720207476913567746e+01
-9.098145311868309193e+01
5.869674479927375188e+01
5.134235647048234341e+01
1.536786468921359301e+02
5.238066771690105128e+01
-3.073427081363920621e+01
-2.685038681793989781e+02
-5.898649916923339021e+01
1.234265553185719995e+02
4.932523999381659792e+02
5.926749466163295210e+02
1.041104973902114494e+02
-1.835948929175075364e+02
-4.072592840411685984e+02
-3.612164476817970353e+02
-3.211044892568932028e+02
-2.921505049479083027e+02
-3.133089128647239363e+02
-2.518408281500146586e+02
8.891499089895378294e-01
5.232141892290620433e-01
8.625014457268540546e-01
1.012220073733105519e-01
4.725922297340265921e-01
3.195760259923138280e-01
9.397519989541125440e-01
1.027522285415821690e-01
-6.613979435734901813e+01
-1.543821758840623204e+02
-1.743623297850951133e+02
-1.605791912395553425e+02
-1.732852745906735947e+02
-2.646520685945577043e+02
-4.874977532043145061e+02
-9.440579575321302741e+01
2.532626994929608202e+02
7.448281669281587938e+02
7.968576915737864965e+02
6.649433174032815259e+02
5.009145339978082312e+00
-1.516669303314526189e+02
-2.967615795310592262e+02
-2.879583900266968044e+02
-2.571352303962131032e+02
-3.152684024114272461e+02
-3.131956562987092525e+02
-2.519696444861588134e+02
9.671098198134776558e-01
9.159610141326282040e-01
8.031230976636635210e-01
4.063334714362331068e-01
1.564605915701622330e-01
1.028726585139798644e-01
7.940733596141050787e-01
9.509832674621798709e-02
-1.590006783907311956e+02
-3.302461410596184237e+02
-3.472346297035442149e+02
-2.317015190028461120e+02
-3.081772363888186561e+01
-5.499349734595750760e+02
-4.767515656273928926e+02
1.384682127266972884e+02
2.825719050586628782e+02
8.514275523054371888e+02
8.720882581158715539e+02
5.569989862768538842e+02
-7.831084399744727875e+01
-1.901948853606372438e+02
-2.777544357902144725e+02
-2.182404108773769451e+02
-2.505600092830457015e+02
-3.089323955362948482e+02
-3.293623988410543575e+02
-2.350050700321922932e+02
9.894443082332825545e-01
8.948678196061449208e-01
3.947836068756986894e-01
8.144191810083422078e-01
6.774228339704272406e-01
8.128631079495496348e-02
4.646775551316959518e-01
9.971052811952973993e-01
-2.934325819585475870e+02
-3.773052090770625000e+02
-3.573591256142780139e+02
-2.064785481270990601e+02
-4.190393946138763113e+02
-6.297333265884624325e+02
-2.078350827209468434e+02
1.706077739305921170e+02
5.739140222360183543e+02
1.030293832486032898e+03
7.129046217018293419e+02
3.624558284789354161e+02
-2.926366733018749642e+02
-1.892140550439670790e+02
-4.881223982881053871e+02
-1.946410545244301318e+02
-2.667167214768475674e+02
-2.540811514822491404e+02
-3.591905246590514480e+02
-2.114263332635167103e+02
3.406929253031121263e-02
3.859584505424705769e-01
1.398667032344211858e-01
4.190296118983233287e-01
1.915986001411569273e-01
2.947628537544014771e-01
5.102498223698149760e-01
5.077923118479487075e-01
-3.639625733869822852e+02
-3.849413115004176689e+02
-3.883819229794187322e+02
-4.989193394770757664e+02
-6.593544993515051829e+02
-5.071603003962687808e+02
-1.551264835003198073e+02
2.838292116331517150e+02
8.839835521936380474e+02
7.785570000336542762e+02
4.139374427430227570e+02
6.347816109707586918e+01
-4.406277453579401140e+02
-3.148744766061000746e+02
-4.653461134274915594e+02
-2.078181386209487300e+02
-2.876572882399502191e+02
-3.026813301637367317e+02
-3.746230051734776225e+02
-1.968260532575540083e+02
3.248884044917815794e-01
1.279159143865959969e-02
1.181111943623824878e-02
5.205289283527676503e-01
4.034222056938396861e-02
5.731910825701449497e-01
4.680072576048504018e-01
5.925359058411763247e-01
-3.259658940630585562e+02
-3.884265901246778299e+02
-4.690529848323874376e+02
-5.769511289301317447e+02
-3.773503112371961947e+02
-4.458021766427065700e+02
-2.790161890328565164e+02
9.170397288976943173e+01
3.624934510477561389e+02
3.548849291272881032e+02
2.315699981824332099e+02
-4.854926462056169356e+01
-6.426471990263510179e+02
-6.038805124056817704e+02
-2.654184714294849528e+02
-3.633408173982440417e+02
-2.690556393117832386e+02
-3.550677736239806563e+02
-2.574253493995566942e+02
-1.265376571424927761e+02
1.975805073463974271e-01
7.675430953677065959e-01
9.241830844154008684e-02
5.700452087431659987e-01
3.609083597850460956e-01
5.412939702581296419e-01
5.465596128467292703e-01
9.867754182455895640e-01
-1.688443717692200892e+02
-3.566886312872103986e+02
-4.170367351726158631e+02
-5.432600010826128027e+02
-2.685181487042667641e+02
-3.672406629168388008e+02
-2.438288367131920040e+02
1.746546709867889646e+01
5.489337938335268063e+02
3.036564148616106991e+02
5.853869114189500777e+01
-2.212922709489385795e+02
-6.495440062394501410e+02
-3.849144240209393502e+02
-2.083425585368106283e+02
-6.304391794768449842e+01
-2.382194106298143197e+02
-3.468362469620428215e+02
-1.574528483742819560e+02
-1.257252649299964844e+02
3.721798736423544973e-01
9.864413265757542293e-01
2.556599352028277039e-02
8.362090774845376551e-01
4.264852586758327568e-02
3.750334777957311516e-01
8.859939982349130938e-01
9.189689950469149826e-01
-1.695282218276400101e+02
-2.177841302898021638e+02
-3.893207510119488575e+02
-3.217733832916778738e+02
-6.831925190269488724e+01
-1.695216640488757776e+02
-1.489605785580975237e+02
3.360738392442915767e+01
7.131373916865956062e+02
6.229762975427915990e+02
8.752011202203854623e+01
-1.263307195439908099e+02
-1.775580536154298557e+02
-1.270648015358353717e+02
1.008515731395575159e+02
2.036006119084464103e+02
1.934083800845205303e+01
-4.710982874152412592e+01
-3.853325644852990450e+01
-1.585624004450889224e+01
1.865226945792588964e+00
2.931852837468122974e-01
6.806371987156200065e-01
6.004162078640329359e-01
1.881527293909126541e-01
1.064982275354061647e-01
7.463095698949429035e-01
6.025905784200369375e-01
-1.121078291750906288e+02
-1.998550780968904519e+02
-1.998139640117776139e+02
1.108704022794262585e+02
2.808420749075968956e+02
-3.459545466066987274e+01
-5.727803662156377840e+01
1.734042642898631357e+02
2.493137372014233222e+02
2.294880293032223904e+02
-1.133812676949005152e+02
-2.081342834750384156e+02
-5.061358912326603843e+01
5.842618739350031376e+01
1.175483470470449561e+02
1.444211154086150941e+02
1.463372520977532929e+02
1.447008762766599732e+00
4.223137202236448218e+01
1.268924300102453913e+02
3.036571615827048731e+01
9.824079951895037244e-01
3.695249086453995524e-01
9.815893985628172391e-01
2.606991978535457832e-01
6.697761282790306581e-01
9.373493729002640995e-01
5.498410423206221509e+01
9.980326743084741992e+00
1.975341735082780303e+02
1.351361878224098518e+02
2.860990597095757835e+02
3.634783553769274249e+02
7.561014381826613118e+00
-7.352123610512982799e-01
-7.989519352137919839e+01
-1.047121473683052955e+02
-3.038076813091996442e+01
-2.023510288317471861e+01
9.119320301796749106e+01
1.457511891543368847e+02
2.234258636547469905e+02
2.954495395537996387e+02
3.334638848303664531e+02
2.130356726365865256e+02
1.079870129210879668e+02
9.867316078257647405e+01
1.269935614824780146e+02
1.242108763728007403e+02
7.580011610430459346e-01
7.298377815843074545e-01
7.477553250269670659e-01
9.484270940628732882e-01
3.358156039272219839e-02
7.517118628118050205e-01
1.379661543020476699e+02
1.464267661817311250e+02
2.105849510140768359e+02
2.477902344631724532e+02
1.981573465566398795e+02
3.265851943657783067e+02
-9.786661143922620454e+01
-2.999550241388730001e+02
-3.310876589409733128e+02
-2.753286457765451587e+02
-1.871134578501670660e+02
2.173208859084671474e+01
1.844688700235855379e+02
2.296751038739610919e+02
2.588524614068993515e+02
2.378918056199336206e+02
6.185661079486416725e+01
3.050707284157107324e+01
6.937848904102438041e+01
6.473319394712834196e+01
6.545240352463696354e+01
6.507950320707793423e+01
1.708421339377257375e-01
7.897955332885115975e-01
1.320900236168154329e-02
6.072035724486831709e-01
7.031271926215144630e-01
2.884217911531746781e-01
1.464484428346318907e+02
1.035676291799455555e+02
5.691202940143728739e+01
1.034564110712753546e+02
1.535476880194993043e+02
2.448821681929727845e+02
-1.800044475798328136e+01
-1.457178346745268698e+02
-3.965164852510937408e+02
-3.924555663132852033e+02
-1.222407769338320094e+02
4.417741141478332167e+01
1.797662135075959782e+02
1.034414632817870938e+02
9.361810191756131871e+01
9.386068586832078608e+01
1.932402151049313943e+01
2.690305867218537017e+01
7.522766102404486332e+01
3.076620585939541641e+01
9.638230373362233205e-02
2.097541811059948635e-01
6.271410240451464890e-01
5.169280213495659471e-01
2.689798484158693048e-01
4.832812244082669295e-01
4.779492534488852806e-01
8.442036709053367671e-01
4.042357448922146990e-01
5.594803009750308753e-01
7.347254669182974318e-01
7.293710819626835207e-01
5.669235622126837626e+00
7.499490039063532265e+01
1.358143619250853362e+02
2.077526445843219278e+02
1.380821634935042823e+02
2.872212606710460037e+01
1.449608227186510589e+02
1.358819525110868938e+02
5.300164184107789112e+01
1.206038931142286401e+02
1.964416017938070169e+01
1.850298654793977846e+02
1.912484627983872443e+01
7.877403835890522954e-01
6.182135282285214917e-01
2.009388841917369994e-01
2.711738040215405654e-01
4.235972200902513585e-01
9.669803966308304632e-01
2.557672937531738633e-01
5.963932804598968129e-01
6.651657848341369084e-01
7.984218658480602970e-01
9.463089167089450138e-01
4.445822279241811170e-01
4.948467926878581391e-01
6.076862425092700581e-01
6.396286982796877130e-01
3.109829168936717458e-01
9.487905125508396820e-01
8.943759773063936214e-01
3.580590786756886956e+01
1.080486618099963181e+02
7.590676495031584814e+00
8.156832231278778522e+01
1.240566914760895685e+02
2.069666510431041928e+01
6.200512474260027052e-01
2.570209266598136866e-01
9.338090814834695275e-01
1.831218308362894120e-01
1.509350353605133366e-01
3.341006146731262394e-01
2.441107867651034491e-01
2.714528477087644331e-01
1.025066056874127662e-01
7.880323499238005569e-01
8.994494685027696335e-01
3.977192445018979949e-01
5.347106250125643889e-02
6.426535876675548709e-01
2.430223282102855764e-01
5.493080506098392268e-01
2.265303394106314983e-01
9.673351814975622576e-01
6.555782812957701156e-01
4.528614741138385913e-01
5.078020239922934609e-01
8.296389880893416668e-01
1.858552103164252678e-01
4.729704556058442755e-01
7.398014935336771902e-01
7.174504644450533375e-01
5.444322573657989217e-02
6.456618641707816408e-01
2.565274883929802296e-02
3.282665856022690676e-01
8.076750031475379288e-01
6.047683094550683203e-01
5.660272481467393257e-01
4.603988851718675557e-01
3.960628688639422634e-02
4.796433329122706812e-02
7.824968595168163565e-01
4.562422240696899500e-01
8.698056661804115519e-01
8.192390314718711597e-02
3.607673249706115914e-01
7.522324976525807116e-02
2.505979835807503608e-01
5.607229286105022137e-01
3.880644000650810277e-01
3.161093538854520268e-02
3.358783658454803644e-01
7.233845015287210245e-02
4.520976186028869970e-01
8.497582762583745231e-01
3.960192110139312271e-01
8.414332011284797463e-02
5.661026428301715319e-01
5.170376516936091571e-01
8.916296622492663193e-01
1.105601443064799794e-01
3.643587975272637447e-01
3.341477026714781973e-01
3.336757826939160676e-01
7.933015563152983063e-01
7.907570294519528087e-02
9.293303018534930793e-01
4.312100970793215637e-01
1.491234795798999091e-01
2.556345982016720031e-01
9.549263589352237069e-01
7.987437826279528696e-01
2.904693484646729829e+00
