7.202954718783979304e-01
2.944208939682888548e-01
7.203727068418986912e-01
9.834949996779882575e-01
3.522239840505093644e-01
6.748806991308596848e-01
9.672086318414566675e-01
8.204158205121824254e-01
9.321934582912947409e-01
9.683318342015533320e-01
7.683080620074641542e-01
7.927268762518835388e-01
1.344956655378518606e-01
8.862288063364190949e-01
6.719982040824538094e-01
7.617540430663179984e-01
3.198762728391882915e-01
6.745873964468743766e-01
3.784413223012883520e-01
2.355725438250040327e-01
1.902404506601329537e-01
5.827348805065468706e-02
5.127687818572784773e-01
5.045843193272188110e-01
7.123078799965707475e-01
3.400118889479586404e-02
2.520354887497787688e-01
4.166785449163167288e-01
8.823990166919358780e-01
9.070376556751663655e-01
5.448740893337444824e-02
6.467807798552205334e-02
3.426928406729955467e-01
3.545287603940036059e-01
3.515928783006337932e-01
3.311689356979622412e-01
6.018314498417015601e-01
6.859572049824042006e-01
7.783636688278250393e-01
3.587501405598289006e-01
2.737560942320048651e-01
6.266243748324191731e-01
4.295894703320592978e-01
5.487185145700468336e-01
5.392704416244047394e-01
5.797710216412774731e-01
5.382502853775128493e-01
6.304696776820309934e-01
8.207900842937210228e-01
7.803717195211280488e-01
9.741773011002170524e-01
5.792749739199534176e-01
2.572902712828980532e-01
4.438067029705866640e-01
8.762181297644074940e-01
3.758117296769648563e-01
9.135403035230150737e-01
1.385765026862773031e-01
1.075981807911902122e-01
5.913680632110263069e-01
5.244708952017144155e-01
4.406151983461650268e-01
6.237569895584331725e-01
2.971846581706794055e-02
4.231668730663185052e-02
7.162630396232196883e-01
2.353761514493989404e-01
9.940442009241589050e-01
6.903822433635691258e-01
9.225031058536231621e-01
7.001132007693292580e-01
6.897961863537355187e-01
4.804551657017402944e-01
6.960776456910681143e-01
3.071006366251605169e-01
7.661795489136815629e-01
2.553099787777435292e-01
8.496061625511558413e-01
5.376429904645241287e-01
9.019012351275232930e-01
1.273687504652406544e-01
6.229666271109877140e-01
5.397790074662218718e-01
4.281431414484180298e-01
8.758238566617526644e-01
7.540034024847741545e-02
5.125130839447246123e-01
9.388071518364228263e-01
1.479319874575090177e-01
9.556002450802252302e-01
1.641349572850587801e-01
4.953518573248021362e-01
4.090506509073894570e-01
7.166341405754361737e-01
2.516322902467331701e-01
3.178697573829205592e-01
6.720977331064238447e-01
-8.243255301135734570e+00
-1.901603987900840878e+02
-3.387504447625271951e+02
-3.607967004967906632e+02
-2.332809406866780932e+02
-1.687284645787979187e+01
1.422419326251801452e-01
7.107690399796895431e-02
7.579663429152674325e-01
1.833372539269048085e-01
3.368561386516721878e-02
4.012534646353760337e-03
5.602608879996910929e-01
2.431638358705486835e-01
8.068886103975171364e-01
8.973073077774793571e-01
9.152072829262219988e-01
4.053856195657452588e-01
9.490004289675507687e-01
8.345338343411249360e-01
2.905721423999728259e+01
1.542847277249096205e+00
-5.370367221029189153e+01
-1.150128113905490039e+02
8.678285927155171109e+00
2.059159113240978058e+02
-4.142203675639458127e-01
1.598078038552414739e+02
-3.452155715245447176e+00
-6.948390152869141048e+02
-7.872824088034858505e+02
-6.526787254974859707e+02
-3.271239163451602394e+02
-3.169384095241424575e+02
-1.597304278211449002e+02
1.981382979599677630e-01
5.764699822252784545e-01
3.079285744985166273e-01
2.897388434468073370e-01
7.442683132778667998e-01
8.171689324676341126e-01
6.537810001647564873e-01
6.943645235724045239e-01
8.008129234271672559e-01
4.680345225688229416e-01
2.131521879611212311e-01
5.462424074954800313e-01
-2.207044033355832990e+00
1.033421186351667558e+02
-3.274282814877294072e+02
-6.800816116486346345e+02
-7.229295717662095910e+01
1.260450811799530442e+02
-4.356360279321265807e+02
-5.061363142494389535e+02
-6.679141483690769121e+01
-4.851065074699170623e+02
-2.000986284458335618e+01
-5.616050199216458623e+02
-1.094066377277959873e+03
-6.607081133159919091e+02
-7.929042883110439561e+02
-5.344963278750292375e+02
-4.310386170356035507e+01
2.561732475839231711e+02
1.490123705344998086e+02
2.213391466592328243e+02
1.418538530611917814e+01
5.972078076587279405e-01
2.443439532976074968e-01
1.808586866196851828e-01
7.206659010871830917e-01
1.161307603501476882e-01
6.192662048429767863e-01
-1.928098741637951363e+01
3.023217154993255207e+01
1.969420676728880437e+02
-7.407122207287986839e+02
-9.552819937311492140e+02
-7.234329369385550024e+01
-4.334979758192245072e+02
-8.585065727561707263e+02
-2.703192823584606685e+02
-4.987591029905498203e+02
-1.289664300518833898e+03
-7.471831638194754532e+02
-9.423583056962822866e+02
-2.942129443616215099e+02
-6.472962013126734746e+02
-1.175448617973356022e+03
-1.611303434615428500e+02
-1.421620011351538437e+02
-8.637175668618827729e+01
6.846925404011039973e+01
2.803695632910215636e+02
7.004280099295049133e+00
2.549914635370214011e-01
3.749086130513958892e-01
1.175918920191519890e-01
6.676855021497799525e-01
7.978595044057515961e-01
5.965098478671336801e-01
-1.268513671738686099e+02
-7.501765795388212155e+01
2.196092736154518121e+01
-9.130847440312084018e+02
-1.003184913848470501e+03
-4.184218467379407684e+02
-3.256742852719895041e+02
-1.602808971666368336e+02
-4.579253804434179074e+02
-1.446126153930258170e+03
-7.898411222333462547e+02
-1.375080570508471510e+03
-6.459150580172654372e+02
-2.540364923249507001e+01
-3.056538369892893456e+02
-7.641039988553079638e+02
-2.526698090564598544e+02
-1.879006414067780639e+01
-1.385633791658392511e+02
5.116847739173547893e+01
2.306345446760430491e+02
1.220670043396385012e+02
3.014207844559191329e-02
3.781765339623952560e-01
6.365251566208651735e-02
8.038398336195505811e-01
3.776019882333663258e-01
8.127904236860994391e-01
-3.339640788764438071e+02
-3.477105177642690137e+02
-7.241369707080093576e+01
-3.335603237623207065e+02
-6.103290503832381830e+01
-4.468501253531293287e+02
-7.447100201466250837e+02
-5.644188547610965543e+02
-1.164852487310968172e+03
-1.140759370576435913e+03
-4.927107877083910239e+02
-8.706896876136059973e+02
-1.342503287829712008e+03
-3.705511188481563636e+02
-5.172065577117729163e+02
-1.420886034275067402e+02
4.764079498365407517e+01
-6.730339265499895873e+01
-4.742519797154145635e+02
-5.266747872216320303e+01
5.397225182656708853e+01
9.852696243175685709e+01
5.572395197220831875e-01
7.353888987028334157e-01
3.012666238604976288e-01
7.620591731524206658e-01
2.520192538674419502e-01
9.652362562586817019e-01
-3.460205421413336353e+02
-3.037595582599351474e+02
7.338908090879888846e+01
1.053583129693055440e+02
4.643940060243176049e+02
-2.895495816429182128e+02
-7.461583363285369614e+02
-2.286291625732068837e+02
3.324412952497249307e+02
-2.242584587756063286e+02
-5.621011342659379579e+02
-8.037390214043415426e+02
-6.061509549840380942e+02
-8.195021003400164545e+02
-3.603457333721962073e+02
5.844205293448935663e+02
-5.170989602544459984e+01
-6.260513567070067893e+02
-6.510908412126402709e+02
2.369244672076781910e+01
-2.748224802520970229e+02
4.984439008865257392e+01
4.571634091029506131e-01
9.109018546034772790e-01
2.216038278419056873e-01
9.314000830542626952e-01
4.505795628057487345e-01
7.079554675754128334e-01
-1.188702521115914124e+02
-1.060513304719495551e+02
1.750764633901021625e+02
4.024457001276534243e+02
6.087798311138878944e+02
6.476880445551879575e+02
-9.108789400039324846e+01
4.521577776798898753e+02
5.882829102485366093e+02
-5.461491642019110060e+01
-4.012048370364472589e+02
-3.542678672964398601e+01
-1.244509742928380689e+02
-9.201917989488675858e+02
5.678975220786120417e+02
6.162892233488749980e+02
-7.882416424068735239e+01
-7.650754719575210174e+02
-1.301611426236137561e+02
-4.070445989780277785e+01
-3.816824739564581250e+02
1.505450642419256191e+01
6.625498421838581509e-01
4.591108979951030733e-01
4.203039602742242309e-01
6.889770473399866590e-01
1.895580490226794756e-01
5.839414535088669478e-01
-2.135069897147220104e+02
4.483023608812930938e+00
-1.269380633715267059e+01
3.455705390543328690e+02
6.471753130907568448e+02
4.336593248455566254e+02
2.091081825364983615e+02
1.036701309754480917e+03
1.067525108934238688e+03
1.208281068369532022e+03
1.684365243075984040e+02
-5.179911375377291733e+02
-3.880136947319646197e+02
-2.120336906701064663e+02
6.705691523123369961e+02
-4.400933747253051820e+02
3.019860083936066530e+02
2.488176096663067085e+02
2.670984873543415574e+02
6.292338624932400393e+01
-3.083590692268590487e+02
2.145430297320383772e+01
2.085385168077849016e-01
7.271420926109021243e-01
5.144515438507760718e-01
8.626211353716725094e-01
9.204469810269415575e-01
5.714189522265344934e-02
-7.604909592524212769e+01
-3.992336497926937966e+01
-7.869732324737515228e+01
9.074266123716822108e+01
2.201468142445301339e+02
6.066694349530170030e+02
5.731824680458437342e+02
9.371981224962648866e+02
1.447639668803369659e+03
8.348570229961873110e+02
-3.867697853391803733e+02
-3.359838643931342403e+02
-9.634950874273157240e+01
-4.039225510440941775e+02
-2.453742076853254446e+02
-4.713119777271238604e+02
4.703491903369860552e+02
8.303269355990122449e+02
7.600274047375432929e+02
2.487653567128144516e+02
-1.630361768221286241e+02
1.181188846828008963e+02
2.813879971564636762e+01
7.536339276509331775e-01
6.612001814879213679e-01
9.313409075464951226e-02
2.116807261675790475e-01
6.947971346134185211e-01
8.897867995948465136e+01
7.848424451478658170e+01
-4.195659025262501984e+01
4.422580649218654969e+01
5.527586071795999487e+02
1.015510204717231431e+03
1.037519828241330515e+03
1.216648982133673599e+03
1.418928587278771829e+03
8.360671533532148487e+02
1.140813445152190155e+02
-3.903992808899146461e+00
-2.882938439912039996e+01
2.910265129192803784e+02
4.458946764448587601e+02
4.969489988423406146e+01
6.004124977397675593e+02
5.202191698596325296e+02
5.439485331374049792e+02
4.769019645455349519e+02
1.883883117996088856e+02
1.358861474768330311e+02
4.059212724923257554e+01
8.358824274797563847e-01
1.912909423181118340e-01
2.368721938666391580e-01
1.795452465789826313e-03
7.535321598633920592e-01
1.986386411986194673e+02
4.325553163976863971e+02
6.763585204180918709e+02
5.001633390750235435e+02
7.665900693939368011e+02
7.159829840244533443e+02
6.788079970364487963e+02
9.592736072592996379e+02
1.031793035687834845e+03
5.224816877119189940e+01
-1.785248059283662201e+02
2.368225623374757447e+02
5.359026549014930652e+02
8.077510351834411040e+02
1.279572499095725561e+03
6.260701047068921525e+02
-1.364115445960869692e+02
-1.549913795362804763e+02
-1.130246340336528732e+02
4.067019297898091850e+02
2.318414943234798216e+02
5.474530101971004115e+01
8.866147652445179883e-01
4.044839029165944178e-01
8.814873081267105004e-01
1.808356728409447056e-01
3.402153208725799960e-02
9.662706913109503359e-01
1.017698941656696832e+02
2.092569116060029160e+02
3.088443277605562685e+02
7.992914955702963198e+02
4.007250723341052776e+02
8.879510215665128499e+02
7.722366216206904710e+02
1.264568973307158785e+03
6.422313364251045869e+02
-3.079266317300350124e+02
-9.379128788023107290e+02
-2.584106037004091263e+02
6.717217695354627267e+02
4.922769763404245396e+02
9.671131533918540981e+02
4.157807209914345776e+02
-2.033949439425390437e+02
-1.356924874338376696e+02
-3.108061217232764193e+02
-9.608107114656874614e+00
4.532860711655118280e+00
2.440250446596566647e+01
6.612590241091670373e-01
2.406763885677866144e-01
1.470237653368734465e-01
6.400289386840148920e-01
9.954627231223386330e-01
1.592413204640658053e-01
-1.373390120926879661e+02
-2.699328559121937587e+02
2.594335545861436572e+02
7.168488462907868097e+02
6.909947734593913538e+02
6.686298769227664707e+02
4.610936195796157904e+02
5.168457527334973065e+02
1.315181794273241280e+02
-7.366286584901270089e+02
-6.327467593192251343e+02
4.209333955665350118e+02
1.184156648956565959e+03
1.132886216660935588e+03
1.451007575661277315e+03
1.848435872731185157e+02
2.036274719821359440e+02
3.425818221388442453e+02
-4.418611084143584549e+02
-1.514901759543760136e+02
2.976865979942994755e+01
1.746176870056921189e+02
8.394045522433998263e-01
6.261538186628392566e-01
7.637795715770275828e-01
4.209316840890457989e-01
6.583234871937884147e-01
9.024414995679208573e-02
-1.522220700149090931e+02
-3.437090846948692047e+02
-1.026600655902159787e+02
2.759843961651806694e+02
7.017989969468850404e+02
1.017846215714017148e+03
7.686583525796669392e+01
2.006601903262811391e+02
3.940216695205369888e+02
-4.657210334622768073e+02
9.211089362211918115e+02
1.555150793740689096e+03
1.383749469165329629e+03
7.107178380382238174e+02
2.903448784616515468e+02
4.199650975326192537e+01
3.267364952942679110e+02
-8.620898970022342667e+01
-1.006468109015981668e+03
-4.456940010548129294e+02
2.167666967753005451e+02
2.197926539810303268e+02
9.230676133741023692e-01
3.080148950131627039e-01
1.744862286391125616e-01
2.945337029594933265e-01
7.965964759864369027e-01
1.058499676534723211e-01
-1.600751335916758364e+02
-3.777956541489060669e+02
-5.185805509199731205e+02
-1.558227458331490141e+02
3.483654347146616033e+02
3.439527870563076704e+02
-1.462047287235431838e+02
6.089273229754987682e+01
9.280714977987981840e+00
-1.018142521946472385e+02
5.392900242743758099e+02
4.514717223753037842e+02
5.977564000574251395e+02
2.406182090649031124e+02
-4.543898132783663186e+02
-7.141416776950607073e+02
6.369608036586894428e+01
-2.495230582781661042e+02
-7.947126880098059019e+02
-7.514416732169100896e+02
5.173088765303614878e+01
5.411919361923184235e-01
4.517698947550877753e-01
9.896036174333566748e-01
3.667762918075834211e-01
6.245594827855484032e-01
9.914758590592005483e-01
2.823925358597171309e-01
7.793592425686333058e+01
-2.902473111453884371e+02
-5.008169479280129508e+02
-2.141844148219034594e+02
-1.155642455346691833e+02
-8.360626763399014862e+02
-2.867842909629294468e+02
-2.164432852400685547e+01
3.015912945757578427e+02
5.515582506502279330e+02
-9.954419903574749640e+01
-3.470416275385957192e+02
1.389580831468556653e+03
1.828179573155013315e+02
4.236737574259664996e+01
-7.383786804337934200e+02
-6.792341241282401825e+02
-1.008396873217313669e+03
-4.426767419215706241e+02
-6.782256393598058821e+02
1.235685019853137021e+02
5.595952964163372734e+00
2.800843003218996818e-01
5.934496075237722934e-01
6.569733586568663464e-01
6.366783281890533441e-01
3.935912854329549626e-01
3.187038452886422624e-01
-6.063167597621517757e+01
-1.430302782135799475e+02
-5.386811817751591889e+02
-4.961945771731157606e+02
-4.967955083063270649e+02
-9.841539587081856553e+02
-7.750703726002642497e+02
-3.608655827815972543e+02
2.753069858301201975e+02
4.061707105987863997e+02
-4.996532812798092209e+02
-5.552632292501642723e+02
5.055696260550890315e+02
-5.081849601011205664e+02
4.591999166755201145e+01
-3.596562875326447397e+02
-1.090214568705715465e+03
-9.357191259417591027e+02
-4.808312678047656732e+02
-5.044158600585848262e+02
1.265573483161215620e+02
9.900425536989934017e+01
7.602705667754128260e-01
4.133200370483559594e-01
3.278259040097629695e-01
9.590373595246419747e-01
3.676938018613762349e-02
7.396950788033757052e-01
-1.037122766807859762e+02
-2.541039483875689768e+02
-2.989571600646964384e+02
-5.502404093738767870e+02
-9.567972009214819309e+02
-1.130425353405654732e+03
-1.003420320220458052e+03
-8.252242525267803330e+02
-6.130116937451710157e+01
-2.435149388900666736e+02
-5.587600888385513827e+02
-1.071665635956156393e+03
-5.824121125314853771e+02
-9.813557955401362278e+02
-4.123270918267994745e+01
-1.587781618107895838e+02
-1.064383361662795778e+03
-8.072903209476650090e+02
-1.591173482437714597e+02
4.003927031590031760e+01
5.131430569717078782e+01
5.871333753235995800e+01
2.679881773067266382e-01
7.118982120047248063e-01
1.300169750317444750e-01
1.334698430535352642e-02
7.699587710108254379e-01
8.581972322149495902e-01
-5.530608373022018753e+01
-2.133791963036811694e+02
-2.502824031430048706e+02
-5.771367918026585357e+02
-1.064747816311537917e+03
-1.095885071423352656e+03
-1.011365235126308448e+03
-1.184636091191460764e+03
-9.702383023685887338e+02
-7.129113492555064795e+02
-6.117546753737007066e+02
-7.794239992882431807e+02
-8.075961171734927575e+02
-4.958083524066293535e+02
3.891608562760952736e+02
-1.816341746093308700e+02
-6.513796688786597997e+02
9.780137966614985601e+01
2.081437653975876287e+02
1.254143351020111226e+02
-5.064629965584496318e+01
2.495814008422115871e-01
6.184599427227028823e-01
8.152266596127312193e-01
4.954312394390855134e-01
4.656586599161816054e-01
9.948845765257682272e-01
6.420785433391640318e-03
-1.543100298516791327e+02
-2.325384505069779664e+02
-2.918293905583775540e+02
-6.552701078381630850e+02
-7.694736591807956074e+02
-5.751397163296639974e+02
-1.673451257184340477e+02
-7.585974768004499538e+02
-6.833806628220681887e+02
-5.626501036344845943e+02
-7.657410634866361079e+02
-7.320806244911809699e+02
-2.049438764957063484e+02
-5.584480348621808332e+01
-1.404276132942175934e+02
-3.821686935466184991e+02
2.070914034763803784e+02
7.217616297088834472e+02
3.249634439441849167e+02
9.288657692396964194e+01
2.926478672871213504e+01
1.014210144192567853e+01
2.562685232543895353e-01
3.049811046195302078e-01
6.853266451711712559e-01
4.195010095610635092e-01
6.674908210428638355e-01
7.874831243807104419e-01
-1.315952873743279952e+02
-2.022797031707361270e+02
-3.676233671769035709e+02
-5.052287446968666700e+02
-3.597023496296289409e+02
-3.964093678490348793e+02
2.031783782854301279e+01
-3.192621617890369521e+02
-4.963062650560515863e+02
-6.025880767174238599e+02
-3.707547888321918208e+02
-1.637967660724979453e+02
-2.071677401784129131e+02
-3.672105908829331611e+01
-3.051593071906765786e+01
-1.838177042459402628e+02
1.415477133313829938e+02
1.967008538516747649e+02
2.531313842480195433e+02
8.638321478676851939e+01
9.952364171711046481e+01
5.217090289528057667e+01
6.098376280070690880e-01
7.736595287653966757e-01
5.155705339091453121e-01
7.696359080235694039e-01
4.177756796625293756e-01
4.126702922153706599e-01
7.560512872907545479e-01
7.902228383567528880e-01
-2.540286072714620786e+02
-4.431623209461312740e+02
-5.147668905532037797e+02
-5.847100168277451075e+02
-5.142712406442668680e+02
8.954630660625184646e+01
6.109420564880667825e+01
-1.231171611996555981e+02
8.609703761575138969e+01
4.360808404351815852e+02
1.303334301300499192e+02
3.348712358071551165e+01
-5.600129478415009743e+01
-2.436736465625501182e+02
1.219266393072804178e+01
1.469224625660210037e+01
-8.061751431984991711e+01
-2.964950823376394240e+01
9.118895142618701755e+01
1.806545568644161293e+01
4.505303815148218316e-01
1.167634483067900852e-01
1.986014024042407344e-01
1.442921083659124415e-01
2.001393746445204735e-01
3.541841385436410583e-01
3.106490617618956618e-01
1.477565193340878436e-01
-9.525416233005577737e+01
-1.910258152539247476e+02
-1.910340309902575200e+02
-1.914218149161621056e+02
-1.915399606411497757e+02
-1.912830638738244886e+02
-1.911514390700918113e+02
-1.910874855890291997e+02
6.702064169571575469e-01
5.921453666233736923e-01
2.170808143947844382e-02
-1.165607196912388943e+01
-6.489566577415907034e+01
-1.040590725215953967e+02
-1.263284282538111825e+02
-1.207676072324397722e+02
-2.613615227674723940e+01
7.390876190394637391e-01
3.883050358572445182e-01
7.031558695493276279e-01
2.573006099304520067e-01
6.554111285529493625e-01
6.589627852581163570e-01
9.099334740657032405e-01
3.384180136472523248e-01
7.118947731573432858e-01
9.862353680765489905e-03
7.619534709231595704e-01
2.540154593871191135e-02
8.834851284716516151e-02
3.864630454701301066e-02
1.903365130275012085e-01
7.990123781140890946e-01
8.886711529850580549e-01
5.748706900907015749e-01
8.922397637622536681e-02
3.142672229812820683e-01
2.309064212280631523e-02
4.892158607915119140e-01
3.891747417468012227e-01
9.269200442843873455e-01
8.698033865905907547e-01
8.332692727791697340e-01
1.023081335923631263e-01
4.691757456397863679e-01
2.072055468172924186e-01
5.028422568948065496e-02
9.456143961654239760e-02
6.008139191755050845e-01
3.720612648568959457e-01
6.472741828201900027e-01
-1.116443142327408350e-01
